<number of tasks>
24
<cycle time>
35
<station cost>
70
<mated_station cost>
140
<tool_number>
6
<task times>
1 3
2 7
3 7
4 5
5 4
6 3
7 4
8 3
9 6
10 4
11 4
12 3
13 3
14 9
15 5
16 9
17 2
18 7
19 9
20 9
21 8
22 8
23 9
24 9
<task directions>
1 L
2 L
3 R
4 R
5 L
6 E
7 R
8 E
9 E
10 E
11 L
12 L
13 E
14 R
15 R
16 L
17 E
18 E
19 E
20 R
21 L
22 E
23 R
24 E
<tool cost>
1 7
2 88
3 68
4 55
5 15
6 22
<salary per hour>
1 4
2 2
3 4
4 5
5 7
6 5
7 2
8 6
9 10
10 1
11 8
12 1
13 4
14 6
15 10
16 10
17 7
18 7
19 5
20 5
21 1
22 4
23 6
24 1
<set of tools>
2,1
2,4
2,5
3,1
5,3
5,6
8,1
8,5
9,3
9,4
11,1
12,2
12,3
14,3
16,3
17,5
19,3
21,1
21,4
22,3
24,4
<precedence relations>
1,11
2,5
2,6
3,6
3,7
4,15
5,8
6,9
7,10
8,12
9,12
9,13
9,14
10,14
11,16
12,17
13,18
13,19
14,19
15,20
16,21
17,21
18,22
19,23
20,23
20,24
<end>
