<number of tasks>
24
<cycle time>
20
<station cost>
40
<mated_station cost>
80
<tool_number>
6
<task times>
1 3
2 7
3 7
4 5
5 4
6 3
7 4
8 3
9 6
10 4
11 4
12 3
13 3
14 9
15 5
16 9
17 2
18 7
19 9
20 9
21 8
22 8
23 9
24 9
<task directions>
1 L
2 L
3 R
4 R
5 L
6 E
7 R
8 E
9 E
10 E
11 L
12 L
13 E
14 R
15 R
16 L
17 E
18 E
19 E
20 R
21 L
22 E
23 R
24 E
<tool cost>
1 66
2 42
3 91
4 90
5 43
6 75
<salary per hour>
1 1
2 1
3 1
4 5
5 6
6 4
7 3
8 4
9 7
10 3
11 4
12 8
13 2
14 6
15 5
16 4
17 3
18 1
19 5
20 6
21 2
22 10
23 5
24 2
<set of tools>
1,1
1,3
2,5
3,6
4,1
5,2
7,3
7,5
8,1
9,5
10,2
11,6
13,3
15,2
15,6
16,2
17,2
17,3
18,2
18,5
19,1
19,4
19,5
20,5
21,2
21,4
22,4
22,6
24,1
24,6
<precedence relations>
1,11
2,5
2,6
3,6
3,7
4,15
5,8
6,9
7,10
8,12
9,12
9,13
9,14
10,14
11,16
12,17
13,18
13,19
14,19
15,20
16,21
17,21
18,22
19,23
20,23
20,24
<end>
