<number of tasks>
24
<cycle time>
40
<station cost>
80
<mated_station cost>
160
<tool_number>
6
<task times>
1 3
2 7
3 7
4 5
5 4
6 3
7 4
8 3
9 6
10 4
11 4
12 3
13 3
14 9
15 5
16 9
17 2
18 7
19 9
20 9
21 8
22 8
23 9
24 9
<task directions>
1 L
2 L
3 R
4 R
5 L
6 E
7 R
8 E
9 E
10 E
11 L
12 L
13 E
14 R
15 R
16 L
17 E
18 E
19 E
20 R
21 L
22 E
23 R
24 E
<tool cost>
1 7
2 58
3 93
4 26
5 39
6 15
<salary per hour>
1 10
2 9
3 3
4 10
5 6
6 4
7 3
8 9
9 2
10 3
11 4
12 3
13 9
14 5
15 5
16 7
17 4
18 5
19 6
20 2
21 6
22 5
23 4
24 10
<set of tools>
3,1
4,1
4,4
5,1
6,3
6,6
8,5
9,2
9,4
10,5
11,4
12,3
12,5
13,2
13,6
14,4
16,5
17,1
17,5
17,6
18,1
19,5
20,2
20,5
23,6
24,2
<precedence relations>
1,11
2,5
2,6
3,6
3,7
4,15
5,8
6,9
7,10
8,12
9,12
9,13
9,14
10,14
11,16
12,17
13,18
13,19
14,19
15,20
16,21
17,21
18,22
19,23
20,23
20,24
<end>
