<number of tasks>
24
<cycle time>
24
<station cost>
48
<mated_station cost>
96
<tool_number>
6
<task times>
1 3
2 7
3 7
4 5
5 4
6 3
7 4
8 3
9 6
10 4
11 4
12 3
13 3
14 9
15 5
16 9
17 2
18 7
19 9
20 9
21 8
22 8
23 9
24 9
<task directions>
1 L
2 L
3 R
4 R
5 L
6 E
7 R
8 E
9 E
10 E
11 L
12 L
13 E
14 R
15 R
16 L
17 E
18 E
19 E
20 R
21 L
22 E
23 R
24 E
<tool cost>
1 59
2 19
3 93
4 47
5 71
6 94
<salary per hour>
1 9
2 7
3 5
4 10
5 1
6 1
7 1
8 3
9 6
10 3
11 8
12 5
13 2
14 5
15 4
16 4
17 1
18 1
19 1
20 9
21 3
22 6
23 2
24 1
<set of tools>
3,6
4,3
6,1
8,2
8,3
8,6
11,1
14,5
14,6
16,3
16,4
23,1
23,6
24,3
<precedence relations>
1,11
2,5
2,6
3,6
3,7
4,15
5,8
6,9
7,10
8,12
9,12
9,13
9,14
10,14
11,16
12,17
13,18
13,19
14,19
15,20
16,21
17,21
18,22
19,23
20,23
20,24
<end>
