<number of tasks>
24
<cycle time>
30
<station cost>
60
<mated_station cost>
120
<tool_number>
6
<task times>
1 3
2 7
3 7
4 5
5 4
6 3
7 4
8 3
9 6
10 4
11 4
12 3
13 3
14 9
15 5
16 9
17 2
18 7
19 9
20 9
21 8
22 8
23 9
24 9
<task directions>
1 L
2 L
3 R
4 R
5 L
6 E
7 R
8 E
9 E
10 E
11 L
12 L
13 E
14 R
15 R
16 L
17 E
18 E
19 E
20 R
21 L
22 E
23 R
24 E
<tool cost>
1 26
2 50
3 28
4 58
5 73
6 6
<salary per hour>
1 9
2 1
3 4
4 7
5 1
6 10
7 9
8 9
9 9
10 2
11 2
12 10
13 7
14 7
15 9
16 7
17 6
18 6
19 6
20 7
21 7
22 7
23 3
24 4
<set of tools>
1,6
2,2
3,1
4,5
6,2
6,3
8,4
8,5
8,6
9,1
12,3
12,5
13,3
14,2
17,2
18,1
19,2
19,6
20,6
21,6
<precedence relations>
1,11
2,5
2,6
3,6
3,7
4,15
5,8
6,9
7,10
8,12
9,12
9,13
9,14
10,14
11,16
12,17
13,18
13,19
14,19
15,20
16,21
17,21
18,22
19,23
20,23
20,24
<end>
