<number of tasks>
24
<cycle time>
18
<station cost>
36
<mated_station cost>
72
<tool_number>
6
<task times>
1 3
2 7
3 7
4 5
5 4
6 3
7 4
8 3
9 6
10 4
11 4
12 3
13 3
14 9
15 5
16 9
17 2
18 7
19 9
20 9
21 8
22 8
23 9
24 9
<task directions>
1 L
2 L
3 R
4 R
5 L
6 E
7 R
8 E
9 E
10 E
11 L
12 L
13 E
14 R
15 R
16 L
17 E
18 E
19 E
20 R
21 L
22 E
23 R
24 E
<tool cost>
1 78
2 70
3 79
4 11
5 45
6 96
<salary per hour>
1 6
2 9
3 4
4 8
5 8
6 7
7 6
8 5
9 5
10 6
11 6
12 9
13 5
14 1
15 2
16 4
17 5
18 7
19 8
20 6
21 6
22 5
23 2
24 7
<set of tools>
2,3
2,6
6,3
7,1
8,1
8,5
8,6
11,3
12,5
13,4
13,5
14,3
15,5
16,2
16,5
17,3
17,4
19,2
20,4
20,5
22,1
23,2
23,3
<precedence relations>
1,11
2,5
2,6
3,6
3,7
4,15
5,8
6,9
7,10
8,12
9,12
9,13
9,14
10,14
11,16
12,17
13,18
13,19
14,19
15,20
16,21
17,21
18,22
19,23
20,23
20,24
<end>
